以前周围的快餐。@[0 0 1 0 0 0 0 0 0 0 0 0 0 0 0 0 0 0]
想查我最近的一单@[0 0 0 0 0 0 1 0 0 0 0 0 0 0 0 0 0 0]
帮我找一下我的订单里面的牛排@[0 1 0 0 0 0 0 0 0 0 0 0 0 0 0 0 0 0]
以前点过的麻辣香锅。@[0 0 1 0 0 0 0 0 0 0 0 0 0 0 1 0 0 0]
我以前不是点过快乐串儿吗你为什么不给我推荐他@[0 0 1 0 0 0 0 0 0 0 0 0 0 0 1 0 0 0]
嗯以前点过的早餐@[0 0 0 0 0 0 0 0 0 0 0 0 0 0 1 1 0 0]
我从这里这个曼玲粥店给我下一次下一个上一次创下过的@[1 0 0 0 0 0 1 0 0 0 0 0 0 0 1 0 0 0]
以前点过的生姜。@[0 0 1 0 0 0 0 0 0 0 0 0 0 0 1 0 0 0]
我之前点的时候就没有不要烧烤之类的@[0 0 1 0 0 0 0 0 1 0 0 0 0 0 1 0 0 0]
以前没点过但是折扣大的店@[0 0 0 0 0 0 0 0 0 0 1 0 0 0 1 0 0 0]
以前点过的折扣大的。@[0 0 0 0 0 0 0 0 0 0 1 0 0 0 1 0 0 0]
以前点过的麻辣烫@[0 0 1 0 0 0 0 0 0 0 0 0 0 0 1 0 0 0]
我想点以前点过的折扣比较大的商家。@[0 0 0 0 0 0 0 0 0 0 1 0 0 0 1 0 0 0]
以前点过折扣大的@[0 0 0 0 0 0 0 0 0 0 1 0 0 0 1 0 0 0]
以前点过的折扣最大的参加@[0 0 0 0 0 0 0 0 0 0 1 0 0 0 1 0 0 0]
以前点过的卤菜店。@[0 0 1 0 0 0 0 0 0 0 0 0 0 0 1 0 0 0]
以前吃过的来麻辣烫来一发@[0 0 1 0 0 0 1 0 0 0 0 0 0 0 1 0 0 0]
上次包的一点点奶茶。@[1 0 1 0 0 0 0 0 0 0 0 0 0 0 1 0 0 0]
以前点过的折扣大的商家@[0 0 0 0 0 0 0 0 0 0 1 0 0 0 1 0 0 0]
以前点过的折扣大的商机@[0 0 0 0 0 0 0 0 0 0 1 0 0 0 1 0 0 0]
以前点过的折扣大的商店。@[0 0 0 0 0 0 0 0 0 0 1 0 0 0 1 0 0 0]
我前几天订了一个不知道是大盘鸡还是黄美姬你帮我查一下@[1 0 1 0 0 0 1 0 0 0 0 0 0 0 1 0 0 0]
萝卜那天点的那个猪叫啥名字@[0 0 0 0 1 0 0 0 0 0 0 0 0 0 1 0 0 0]
陈海鸾经常点的快餐，给。@[0 0 1 0 0 0 0 0 0 0 0 0 0 0 0 0 0 0]
就是之前点过了呀一个很好吃的米线@[0 0 1 0 0 0 1 0 0 1 0 0 0 0 1 0 0 0]
我以前不是点过快乐烧烤吗你为什么不给我推荐他@[0 0 1 0 0 0 0 0 0 0 0 0 0 0 1 0 0 0]
以前点过折扣大的一家三家@[0 0 1 0 0 0 1 0 0 0 1 0 0 0 1 0 0 0]
找一下我之前点过的凉皮。@[0 0 1 0 0 0 0 0 0 0 0 0 0 0 1 0 0 0]