粥@[0 0 1 0 0 0 0 0 0 0 0 0 0 0 0 0 0 0]
汉堡@[0 0 1 0 0 0 0 0 0 0 0 0 0 0 0 0 0 0]
烧烤@[0 0 1 0 0 0 0 0 0 0 0 0 0 0 0 0 0 0]
面@[0 0 1 0 0 0 0 0 0 0 0 0 0 0 0 0 0 0]
麻辣烫@[0 0 1 0 0 0 0 0 0 0 0 0 0 0 0 0 0 0]
奶茶@[0 0 1 0 0 0 0 0 0 0 0 0 0 0 0 0 0 0]
米线@[0 0 1 0 0 0 0 0 0 0 0 0 0 0 0 0 0 0]
炸鸡@[0 0 1 0 0 0 0 0 0 0 0 0 0 0 0 0 0 0]
披萨@[0 0 1 0 0 0 0 0 0 0 0 0 0 0 0 0 0 0]
快餐@[0 0 1 0 0 0 0 0 0 0 0 0 0 0 0 0 0 0]
炒饭@[0 0 1 0 0 0 0 0 0 0 0 0 0 0 0 0 0 0]
米饭@[0 0 1 0 0 0 0 0 0 0 0 0 0 0 0 0 0 0]
早餐@[0 0 0 0 0 0 0 0 0 0 0 0 0 0 0 1 0 0]
水饺@[0 0 1 0 0 0 0 0 0 0 0 0 0 0 0 0 0 0]
鸡排@[0 0 1 0 0 0 0 0 0 0 0 0 0 0 0 0 0 0]
水果@[0 0 1 0 0 0 0 0 0 0 0 0 0 0 0 0 0 0]
面条@[0 0 1 0 0 0 0 0 0 0 0 0 0 0 0 0 0 0]
寿司@[0 0 1 0 0 0 0 0 0 0 0 0 0 0 0 0 0 0]
蛋糕@[0 0 1 0 0 0 0 0 0 0 0 0 0 0 0 0 0 0]
包子@[0 0 1 0 0 0 0 0 0 0 0 0 0 0 0 0 0 0]
辣的@[0 0 0 0 0 0 0 0 0 0 0 1 0 0 0 0 0 0]
饺子@[0 0 1 0 0 0 0 0 0 0 0 0 0 0 0 0 0 0]
酸辣粉@[0 0 1 0 0 0 0 0 0 0 0 0 0 0 0 0 0 0]
螺蛳粉@[0 0 1 0 0 0 0 0 0 0 0 0 0 0 0 0 0 0]
拉面@[0 0 1 0 0 0 0 0 0 0 0 0 0 0 0 0 0 0]
烤鱼@[0 0 1 0 0 0 0 0 0 0 0 0 0 0 0 0 0 0]
甜品@[0 0 1 0 0 0 0 0 0 0 0 0 0 0 0 0 0 0]
炒面@[0 0 1 0 0 0 0 0 0 0 0 0 0 0 0 0 0 0]
辣@[0 0 0 0 0 0 0 0 0 0 0 1 0 0 0 0 0 0]
