吃点药过刺激的。@[0 0 0 0 0 0 1 0 0 0 0 0 0 0 0 0 0 0]
我说我想吃大鸡巴。@[0 0 0 0 0 0 0 0 0 0 0 0 0 0 0 0 0 0]
这竟然还能这样，我害怕，这个美团。@[0 0 0 0 0 0 0 0 0 0 0 0 0 0 0 0 0 0]
你减肥了怎么不可以@[0 0 0 0 0 0 0 0 0 0 0 0 0 0 0 0 0 0]
我想申请，我相信，只要是皮呀。@[0 0 0 0 0 0 0 0 0 0 0 0 0 0 0 0 0 0]
会员怎么办理@[0 0 0 0 0 0 0 0 0 0 0 0 0 0 0 0 0 0]
我想买感冒药，哦。@[0 0 0 0 0 0 0 0 0 0 0 0 0 0 0 0 0 0]
黑小志啊小蛋儿黑小蛋儿@[0 0 0 0 0 0 0 0 0 0 0 0 0 0 0 0 0 0]
不好看不好看长的贼丑@[0 0 0 0 0 0 0 0 0 0 0 0 0 0 0 0 0 0]
我想听梁衡先生的时候。@[0 0 0 0 0 0 0 0 0 0 0 0 0 0 0 0 0 0]
你可以以这个很牛皮。@[0 0 0 0 0 0 0 0 0 0 0 0 0 0 0 0 0 0]
离我最近的小姐姐@[1 0 0 0 0 0 0 0 0 0 0 0 0 0 0 0 0 0]
额评分最高的面膜，啊，用@[0 0 0 0 0 0 0 0 0 1 0 0 0 0 0 0 0 0]
打电话也吃了吧？@[0 0 0 0 0 0 0 0 0 0 0 0 0 0 0 0 0 0]
给我发个大红包。@[0 0 0 0 0 0 1 0 0 0 1 0 0 0 0 0 0 0]
